25.01743794 121.54165423
25.01758239 121.54165252
25.01758244 121.54165747
25.01743799 121.54165918
25.01743807 121.54166413
25.01743792 121.54166054
25.01745303 121.54166396
25.01758249 121.54166243
25.01758254 121.54166738
25.01750668 121.54166828
25.01751124 121.54167318
25.01754790 121.54167274
25.01754393 121.54167775
25.01751267 121.54167812
25.01751309 121.54168307
25.01754276 121.54168271
25.01754316 121.54168766
25.01751193 121.54168803
25.01750832 121.54169303
25.01754489 121.54169260
25.01754996 121.54169749
25.01743838 121.54169881
25.01743833 121.54169386
25.01748994 121.54169325
25.01748623 121.54168834
25.01745287 121.54168873
25.01745733 121.54168372
25.01748497 121.54168340
25.01748530 121.54167844
25.01745863 121.54167875
25.01745869 121.54167380
25.01748663 121.54167347
25.01749110 121.54166846
25.01745743 121.54166886
25.01746382 121.54169318
25.01743852 121.54168890
25.01744105 121.54169424
25.01747212 121.54167638
25.01751457 121.54165959
25.01756895 121.54166102
25.01757735 121.54167830
25.01756215 121.54169735
25.01758283 121.54169711
25.01758278 121.54169215
25.01756712 121.54169234
25.01756875 121.54168736
25.01758273 121.54168720
25.01758268 121.54168224
25.01756905 121.54168240
25.01756780 121.54167746
25.01758263 121.54167729
25.01758259 121.54167234
25.01756372 121.54167256
