352849.15018380 2767686.69999244
352849.14950131 2767670.70001309
352849.45026857 2767670.70009790
352849.44994154 2767686.70008809
352849.74969928 2767686.70018376
352849.75002666 2767670.70019358
352850.04978475 2767670.70028927
352850.05046618 2767686.70026857
352850.35022393 2767686.70036424
352850.34954284 2767670.70038497
352850.64967492 2767670.82896390
352850.27744330 2767670.75322070
352850.65048495 2767672.68537451
352850.64998166 2767686.70045993
352850.94973940 2767686.70055562
352850.95039032 2767678.69889382
352851.24953368 2767679.01689134
352851.25050631 2767686.70064045
352851.55025212 2767686.69962864
352851.54955809 2767685.04148588
352851.84960316 2767685.34950486
352851.85000985 2767686.69972435
352852.14976759 2767686.69982007
352852.15031160 2767685.62539489
352852.44993062 2767685.70635047
352852.44952533 2767686.69991579
352852.75029223 2767686.70000066
352852.74953771 2767685.78619854
352853.05028079 2767685.78406837
352853.05004996 2767686.70009640
352853.34980770 2767686.70019214
352853.35017728 2767685.70330426
352853.65007378 2767685.62254016
352853.64956543 2767686.70028789
352853.95033233 2767686.70037278
352853.94980661 2767685.33907810
352853.07826971 2767686.41512685
352850.03708385 2767683.58238130
352850.89813102 2767681.34452173
352853.95004077 2767683.20463640
352853.94965546 2767670.70039372
352853.64989738 2767670.70029794
352853.64992876 2767671.64069139
352853.35003632 2767670.78438459
352853.64980300 2767672.00400154
352853.65048571 2767677.03604249
352853.34952674 2767676.73689449
352853.35028231 2767672.77593440
352853.04971889 2767673.07602012
352853.05032810 2767676.50750942
352852.74969972 2767676.42656469
352852.75020800 2767673.28637497
352852.45031123 2767673.36713908
352852.45009243 2767676.34671661
352852.14958762 2767676.37099719
352852.15041446 2767673.44790320
352851.85039411 2767673.42344201
352851.84967899 2767676.45065379
352851.54980614 2767676.53363296
352851.54976566 2767673.34249730
352851.25015829 2767673.26264925
352851.25018047 2767676.82706275
352850.94980796 2767677.14486885
352850.95044682 2767672.98564084
352849.76090360 2767677.14770000
352851.55043304 2767679.31050169
352851.55013992 2767683.50184781
352851.84962236 2767683.19512778
352851.85006413 2767679.39256478
352852.14968328 2767679.47352036
352852.15043592 2767682.91829994
352852.45033248 2767682.83753582
352852.44969157 2767679.49687402
352852.74960013 2767679.41721743
352852.75024096 2767682.75787922
352853.05002263 2767682.76019000
352853.04949677 2767679.33645332
352853.34981399 2767679.10725976
352853.34962979 2767682.84003808
352853.65025802 2767682.92098283
352853.65037728 2767678.80717403
