25.01743794 121.54165423
25.01758239 121.54165252
25.01758244 121.54165747
25.01743799 121.54165918
25.01743807 121.54166413
25.01743755 121.54165980
25.01745303 121.54166396
25.01758249 121.54166243
25.01758254 121.54166738
25.01750668 121.54166828
25.01751124 121.54167318
25.01754790 121.54167274
25.01754393 121.54167775
25.01751267 121.54167812
25.01751309 121.54168307
25.01754276 121.54168271
25.01754316 121.54168766
25.01751193 121.54168803
25.01750832 121.54169303
25.01754489 121.54169260
25.01754996 121.54169749
25.01743838 121.54169881
25.01743833 121.54169386
25.01748994 121.54169325
25.01748623 121.54168834
25.01745287 121.54168873
25.01745733 121.54168372
25.01748497 121.54168340
25.01748530 121.54167844
25.01745863 121.54167875
25.01745869 121.54167380
25.01748663 121.54167347
25.01749110 121.54166846
25.01745743 121.54166886
25.01747059 121.54169408
25.01743852 121.54168890
25.01743843 121.54170377
25.01758288 121.54170206
25.01757880 121.54170706
25.01743848 121.54170872
25.01743852 121.54171367
25.01757433 121.54171207
25.01756987 121.54171708
25.01743857 121.54171863
25.01743862 121.54172358
25.01756540 121.54172208
25.01756094 121.54172709
25.01743867 121.54172854
25.01743872 121.54173349
25.01755647 121.54173210
25.01755201 121.54173711
25.01743877 121.54173844
25.01743882 121.54174340
25.01754754 121.54174211
25.01754307 121.54174712
25.01743886 121.54174835
25.01743891 121.54175331
25.01753861 121.54175213
25.01753414 121.54175714
25.01743896 121.54175826
25.01756215 121.54169735
25.01758283 121.54169711
25.01758278 121.54169215
25.01756712 121.54169234
25.01756875 121.54168736
25.01758273 121.54168720
25.01758268 121.54168224
25.01756905 121.54168240
25.01756780 121.54167746
25.01758263 121.54167729
25.01758259 121.54167234
25.01756372 121.54167256
