352849.25042984 2767670.70003411
352849.25010305 2767686.70002432
352849.74969928 2767686.70018376
352849.75002666 2767670.70019358
352850.24965925 2767670.70367563
352849.88718978 2767670.69096331
352850.25034139 2767672.36071084
352850.25030468 2767686.70033235
352850.74990091 2767686.70049183
352850.75027198 2767678.29786417
352851.25020028 2767678.79756970
352851.24950941 2767682.85821756
352851.75036744 2767682.41308869
352851.75043310 2767678.95057791
352852.25047079 2767678.99171571
352852.24951831 2767682.27811987
352852.74953202 2767682.31704264
352852.74963371 2767678.85785444
352853.24991202 2767678.45260723
352853.25012240 2767682.50327651
352853.74964941 2767683.05947653
352853.74981674 2767670.70032986
352853.25021993 2767670.70017025
352853.25019817 2767676.41674572
352852.75027420 2767676.01119022
352852.74985461 2767672.31607847
352852.24958041 2767672.81547578
352852.25024399 2767675.87700982
352851.75009130 2767675.91894690
352851.74957504 2767672.96485320
352851.25010947 2767672.97687639
352851.25012182 2767676.07164692
352850.74985974 2767676.57215182
352850.75007913 2767672.84269604
352853.21198972 2767673.52397851
352852.74990012 2767670.72660201
352853.29181144 2767671.00100294
352851.52648777 2767674.46147317
352849.88271506 2767679.18113936
352850.09186754 2767685.20228166
352851.84572054 2767686.11382432
352853.75005590 2767684.40969600
352853.75049384 2767686.70030894
352853.24988846 2767686.70016022
352853.25039024 2767684.96557684
352852.74976962 2767685.15151329
352852.75029223 2767686.70000066
352852.24968684 2767686.69985198
352852.24958151 2767685.19012782
352851.74956354 2767685.05705498
352851.75009061 2767686.69969245
352851.25050631 2767686.70064045
352851.25020781 2767684.61051041
